4.630878200459634513e+07 0.000000000000000000e+00 0.000000000000000000e+00 0.000000000000000000e+00 0.000000000000000000e+00 1.503800000000000000e+04 1.000000000000000000e+00
5.668654542562320828e+06 9.617000000000000000e+03 2.200000000000000000e+02 0.000000000000000000e+00 1.000000000000000000e+00 1.558200000000000000e+04 1.000000000000000000e+00
2.341921787290895823e+06 0.000000000000000000e+00 0.000000000000000000e+00 0.000000000000000000e+00 0.000000000000000000e+00 1.571800000000000000e+04 1.000000000000000000e+00
2.680177535071313381e+07 0.000000000000000000e+00 0.000000000000000000e+00 0.000000000000000000e+00 0.000000000000000000e+00 1.585400000000000000e+04 1.000000000000000000e+00
1.665729924278249145e+08 0.000000000000000000e+00 1.000000000000000000e+00 0.000000000000000000e+00 1.000000000000000000e+00 1.599000000000000000e+04 1.000000000000000000e+00
6.659359264942308515e+07 0.000000000000000000e+00 4.000000000000000000e+00 0.000000000000000000e+00 0.000000000000000000e+00 1.612500000000000000e+04 1.000000000000000000e+00
2.156992963089908939e+06 0.000000000000000000e+00 7.000000000000000000e+01 0.000000000000000000e+00 0.000000000000000000e+00 1.626200000000000000e+04 1.000000000000000000e+00
4.225885713818398714e+08 0.000000000000000000e+00 0.000000000000000000e+00 0.000000000000000000e+00 0.000000000000000000e+00 1.639800000000000000e+04 1.000000000000000000e+00
6.334246483132341504e+07 1.800500000000000000e+04 9.500000000000000000e+01 0.000000000000000000e+00 0.000000000000000000e+00 1.708000000000000000e+04 1.000000000000000000e+00
3.629686732842458040e+07 0.000000000000000000e+00 2.800000000000000000e+01 0.000000000000000000e+00 0.000000000000000000e+00 1.721500000000000000e+04 1.000000000000000000e+00
4.601879804248118401e+07 0.000000000000000000e+00 2.030000000000000000e+02 0.000000000000000000e+00 0.000000000000000000e+00 1.734900000000000000e+04 1.000000000000000000e+00
2.746266829747196753e+06 3.460000000000000000e+02 0.000000000000000000e+00 0.000000000000000000e+00 0.000000000000000000e+00 1.762000000000000000e+04 1.000000000000000000e+00
2.401314535151879787e+08 1.180000000000000000e+02 4.000000000000000000e+00 0.000000000000000000e+00 0.000000000000000000e+00 1.789400000000000000e+04 1.000000000000000000e+00
5.066363240114164352e+07 0.000000000000000000e+00 3.000000000000000000e+00 0.000000000000000000e+00 0.000000000000000000e+00 1.803000000000000000e+04 1.000000000000000000e+00
4.779973558483737521e+06 0.000000000000000000e+00 5.000000000000000000e+00 0.000000000000000000e+00 0.000000000000000000e+00 1.816700000000000000e+04 1.000000000000000000e+00
1.106236994621028900e+08 0.000000000000000000e+00 0.000000000000000000e+00 0.000000000000000000e+00 0.000000000000000000e+00 1.830300000000000000e+04 1.000000000000000000e+00
1.501096281593437679e+07 3.260000000000000000e+04 3.800000000000000000e+01 0.000000000000000000e+00 0.000000000000000000e+00 1.898500000000000000e+04 1.000000000000000000e+00
1.105291957488279045e+07 0.000000000000000000e+00 0.000000000000000000e+00 0.000000000000000000e+00 0.000000000000000000e+00 1.912200000000000000e+04 1.000000000000000000e+00
4.815735592753257602e+07 0.000000000000000000e+00 1.000000000000000000e+01 1.000000000000000000e+00 0.000000000000000000e+00 1.925800000000000000e+04 1.000000000000000000e+00
4.167658857245580554e+08 1.037300000000000000e+04 1.600000000000000000e+01 0.000000000000000000e+00 0.000000000000000000e+00 1.994000000000000000e+04 1.000000000000000000e+00
3.900036764643418789e+08 0.000000000000000000e+00 2.700000000000000000e+01 0.000000000000000000e+00 0.000000000000000000e+00 2.007600000000000000e+04 1.000000000000000000e+00
2.041518311529033482e+08 0.000000000000000000e+00 0.000000000000000000e+00 0.000000000000000000e+00 0.000000000000000000e+00 2.007600000000000000e+04 1.000000000000000000e+00
3.594703175517132878e+07 1.420100000000000000e+04 1.020000000000000000e+02 0.000000000000000000e+00 0.000000000000000000e+00 2.075900000000000000e+04 1.000000000000000000e+00
8.631209296060765162e+06 0.000000000000000000e+00 1.270000000000000000e+02 0.000000000000000000e+00 0.000000000000000000e+00 2.089500000000000000e+04 1.000000000000000000e+00
2.022243200446837842e+08 0.000000000000000000e+00 0.000000000000000000e+00 0.000000000000000000e+00 0.000000000000000000e+00 2.103200000000000000e+04 1.000000000000000000e+00
4.726086885088662058e+07 0.000000000000000000e+00 4.000000000000000000e+01 0.000000000000000000e+00 0.000000000000000000e+00 2.130500000000000000e+04 1.000000000000000000e+00
3.518190909218289703e+07 0.000000000000000000e+00 0.000000000000000000e+00 0.000000000000000000e+00 0.000000000000000000e+00 2.144100000000000000e+04 1.000000000000000000e+00
2.015056955556277037e+08 0.000000000000000000e+00 0.000000000000000000e+00 0.000000000000000000e+00 0.000000000000000000e+00 2.144100000000000000e+04 1.000000000000000000e+00
2.429798399685429037e+08 0.000000000000000000e+00 6.000000000000000000e+00 0.000000000000000000e+00 0.000000000000000000e+00 2.157700000000000000e+04 1.000000000000000000e+00
2.920426997072591782e+08 2.169300000000000000e+04 7.000000000000000000e+00 0.000000000000000000e+00 0.000000000000000000e+00 2.239700000000000000e+04 1.000000000000000000e+00
4.666396764833284169e+07 0.000000000000000000e+00 1.600000000000000000e+01 0.000000000000000000e+00 0.000000000000000000e+00 2.253400000000000000e+04 1.000000000000000000e+00
7.096907586217947304e+07 0.000000000000000000e+00 2.000000000000000000e+00 0.000000000000000000e+00 0.000000000000000000e+00 2.267100000000000000e+04 1.000000000000000000e+00
2.155149769349159300e+08 0.000000000000000000e+00 3.800000000000000000e+01 0.000000000000000000e+00 0.000000000000000000e+00 2.280800000000000000e+04 1.000000000000000000e+00
7.169908707267339528e+07 0.000000000000000000e+00 0.000000000000000000e+00 0.000000000000000000e+00 0.000000000000000000e+00 2.294500000000000000e+04 1.000000000000000000e+00
2.048456802325822413e+07 0.000000000000000000e+00 4.000000000000000000e+00 0.000000000000000000e+00 0.000000000000000000e+00 2.308300000000000000e+04 1.000000000000000000e+00
2.718269513216868415e+07 1.117700000000000000e+04 3.400000000000000000e+01 0.000000000000000000e+00 0.000000000000000000e+00 2.348900000000000000e+04 1.000000000000000000e+00
2.934586319499764442e+08 3.642100000000000000e+04 2.000000000000000000e+01 0.000000000000000000e+00 0.000000000000000000e+00 2.417200000000000000e+04 1.000000000000000000e+00
2.519058489904014021e+07 0.000000000000000000e+00 1.900000000000000000e+01 0.000000000000000000e+00 0.000000000000000000e+00 2.430900000000000000e+04 1.000000000000000000e+00
2.177470544131248891e+08 2.550000000000000000e+02 2.800000000000000000e+01 0.000000000000000000e+00 1.000000000000000000e+00 2.458100000000000000e+04 1.000000000000000000e+00
5.144103926762304455e+07 0.000000000000000000e+00 0.000000000000000000e+00 0.000000000000000000e+00 0.000000000000000000e+00 2.471800000000000000e+04 1.000000000000000000e+00
1.355083201210161112e+07 2.418000000000000000e+03 1.600000000000000000e+01 0.000000000000000000e+00 0.000000000000000000e+00 2.540000000000000000e+04 1.000000000000000000e+00
5.113988084127916396e+07 0.000000000000000000e+00 0.000000000000000000e+00 0.000000000000000000e+00 0.000000000000000000e+00 2.553600000000000000e+04 1.000000000000000000e+00
2.073456291805112958e+08 0.000000000000000000e+00 0.000000000000000000e+00 0.000000000000000000e+00 0.000000000000000000e+00 2.567400000000000000e+04 1.000000000000000000e+00
8.968502801191709042e+08 0.000000000000000000e+00 0.000000000000000000e+00 0.000000000000000000e+00 0.000000000000000000e+00 2.594700000000000000e+04 1.000000000000000000e+00
9.071638815081411973e+06 0.000000000000000000e+00 0.000000000000000000e+00 0.000000000000000000e+00 0.000000000000000000e+00 2.608400000000000000e+04 1.000000000000000000e+00
5.931093491259931773e+07 4.000000000000000000e+00 0.000000000000000000e+00 0.000000000000000000e+00 0.000000000000000000e+00 2.622100000000000000e+04 1.000000000000000000e+00
3.588247212751445174e+08 0.000000000000000000e+00 2.390000000000000000e+02 0.000000000000000000e+00 0.000000000000000000e+00 2.635800000000000000e+04 1.000000000000000000e+00
1.242853570697675832e+07 0.000000000000000000e+00 2.400000000000000000e+01 0.000000000000000000e+00 0.000000000000000000e+00 2.649400000000000000e+04 1.000000000000000000e+00
1.410182458740336597e+08 0.000000000000000000e+00 2.300000000000000000e+01 0.000000000000000000e+00 0.000000000000000000e+00 2.663100000000000000e+04 1.000000000000000000e+00
5.142532105014300346e+07 0.000000000000000000e+00 1.500000000000000000e+01 0.000000000000000000e+00 0.000000000000000000e+00 2.676700000000000000e+04 1.000000000000000000e+00
1.297759987612267286e+08 0.000000000000000000e+00 5.200000000000000000e+01 0.000000000000000000e+00 0.000000000000000000e+00 2.690400000000000000e+04 1.000000000000000000e+00
6.131558314098782837e+07 0.000000000000000000e+00 1.620000000000000000e+02 0.000000000000000000e+00 0.000000000000000000e+00 2.704100000000000000e+04 1.000000000000000000e+00
4.345282594954425842e+07 5.963800000000000000e+04 4.400000000000000000e+01 1.000000000000000000e+00 1.000000000000000000e+00 2.786300000000000000e+04 1.000000000000000000e+00
4.617451589756207466e+08 0.000000000000000000e+00 0.000000000000000000e+00 0.000000000000000000e+00 1.000000000000000000e+00 2.799900000000000000e+04 1.000000000000000000e+00
1.498121567461316288e+08 0.000000000000000000e+00 2.000000000000000000e+00 0.000000000000000000e+00 0.000000000000000000e+00 2.813500000000000000e+04 1.000000000000000000e+00
5.897946876648632437e+07 0.000000000000000000e+00 1.100000000000000000e+01 0.000000000000000000e+00 0.000000000000000000e+00 2.813500000000000000e+04 1.000000000000000000e+00
2.778190000877212882e+08 0.000000000000000000e+00 3.300000000000000000e+02 0.000000000000000000e+00 1.000000000000000000e+00 2.827200000000000000e+04 1.000000000000000000e+00
1.851197126540711403e+09 0.000000000000000000e+00 1.360000000000000000e+02 0.000000000000000000e+00 0.000000000000000000e+00 2.854600000000000000e+04 1.000000000000000000e+00
3.049103897797902226e+08 0.000000000000000000e+00 0.000000000000000000e+00 0.000000000000000000e+00 0.000000000000000000e+00 2.868400000000000000e+04 1.000000000000000000e+00
1.660512172960218191e+08 0.000000000000000000e+00 3.730000000000000000e+02 0.000000000000000000e+00 0.000000000000000000e+00 2.882100000000000000e+04 1.000000000000000000e+00
9.638366770813235641e+07 0.000000000000000000e+00 2.790000000000000000e+02 0.000000000000000000e+00 0.000000000000000000e+00 2.895900000000000000e+04 1.000000000000000000e+00
1.409054829664052129e+08 0.000000000000000000e+00 2.000000000000000000e+02 0.000000000000000000e+00 0.000000000000000000e+00 2.923300000000000000e+04 1.000000000000000000e+00
1.112711716819933206e+08 0.000000000000000000e+00 1.500000000000000000e+01 0.000000000000000000e+00 0.000000000000000000e+00 2.936900000000000000e+04 1.000000000000000000e+00
1.240029210168966651e+08 0.000000000000000000e+00 0.000000000000000000e+00 0.000000000000000000e+00 0.000000000000000000e+00 2.950600000000000000e+04 1.000000000000000000e+00
1.163376085892629921e+08 0.000000000000000000e+00 1.700000000000000000e+02 0.000000000000000000e+00 0.000000000000000000e+00 2.964200000000000000e+04 1.000000000000000000e+00
5.113404550250291824e+07 0.000000000000000000e+00 0.000000000000000000e+00 0.000000000000000000e+00 0.000000000000000000e+00 2.977900000000000000e+04 1.000000000000000000e+00
2.271633300169741809e+08 0.000000000000000000e+00 0.000000000000000000e+00 0.000000000000000000e+00 0.000000000000000000e+00 2.991500000000000000e+04 1.000000000000000000e+00
2.335378480129588768e+07 0.000000000000000000e+00 0.000000000000000000e+00 0.000000000000000000e+00 0.000000000000000000e+00 3.005100000000000000e+04 1.000000000000000000e+00
8.275592993782292306e+07 0.000000000000000000e+00 2.000000000000000000e+00 0.000000000000000000e+00 0.000000000000000000e+00 3.032300000000000000e+04 1.000000000000000000e+00
8.876906990859682560e+08 0.000000000000000000e+00 0.000000000000000000e+00 0.000000000000000000e+00 0.000000000000000000e+00 3.045900000000000000e+04 1.000000000000000000e+00
1.010533260432578623e+08 0.000000000000000000e+00 0.000000000000000000e+00 0.000000000000000000e+00 0.000000000000000000e+00 3.059500000000000000e+04 1.000000000000000000e+00
9.783242439644244313e+07 0.000000000000000000e+00 4.000000000000000000e+00 0.000000000000000000e+00 0.000000000000000000e+00 3.073100000000000000e+04 1.000000000000000000e+00
9.847675689738864899e+08 0.000000000000000000e+00 3.200000000000000000e+01 0.000000000000000000e+00 0.000000000000000000e+00 3.073100000000000000e+04 1.000000000000000000e+00
2.832725955684600472e+08 0.000000000000000000e+00 2.900000000000000000e+01 0.000000000000000000e+00 0.000000000000000000e+00 3.086700000000000000e+04 1.000000000000000000e+00
4.404686442184831500e+08 0.000000000000000000e+00 0.000000000000000000e+00 0.000000000000000000e+00 0.000000000000000000e+00 3.100400000000000000e+04 1.000000000000000000e+00
3.638113730398953557e+08 0.000000000000000000e+00 1.500000000000000000e+01 0.000000000000000000e+00 0.000000000000000000e+00 3.114000000000000000e+04 1.000000000000000000e+00
4.362623822197183967e+08 0.000000000000000000e+00 0.000000000000000000e+00 0.000000000000000000e+00 0.000000000000000000e+00 3.127600000000000000e+04 1.000000000000000000e+00
3.213420177191378474e+08 0.000000000000000000e+00 3.290000000000000000e+02 0.000000000000000000e+00 0.000000000000000000e+00 3.154800000000000000e+04 1.000000000000000000e+00
2.716542292898126245e+08 0.000000000000000000e+00 2.790000000000000000e+02 0.000000000000000000e+00 0.000000000000000000e+00 3.168500000000000000e+04 1.000000000000000000e+00
2.066703045412422419e+09 0.000000000000000000e+00 0.000000000000000000e+00 0.000000000000000000e+00 0.000000000000000000e+00 3.182100000000000000e+04 1.000000000000000000e+00
2.017175708149191141e+08 0.000000000000000000e+00 3.470000000000000000e+02 0.000000000000000000e+00 0.000000000000000000e+00 3.195700000000000000e+04 1.000000000000000000e+00
3.812865393496156931e+08 0.000000000000000000e+00 6.000000000000000000e+00 0.000000000000000000e+00 0.000000000000000000e+00 3.209300000000000000e+04 1.000000000000000000e+00
2.247131399607620239e+09 0.000000000000000000e+00 0.000000000000000000e+00 0.000000000000000000e+00 0.000000000000000000e+00 3.222900000000000000e+04 1.000000000000000000e+00
1.329042720461306572e+09 0.000000000000000000e+00 2.670000000000000000e+02 1.000000000000000000e+00 0.000000000000000000e+00 3.236600000000000000e+04 1.000000000000000000e+00
8.529800832924944162e+07 0.000000000000000000e+00 0.000000000000000000e+00 0.000000000000000000e+00 0.000000000000000000e+00 3.250200000000000000e+04 1.000000000000000000e+00
7.373933770168526173e+08 0.000000000000000000e+00 6.800000000000000000e+01 0.000000000000000000e+00 0.000000000000000000e+00 3.263800000000000000e+04 1.000000000000000000e+00
3.680990459640363455e+08 0.000000000000000000e+00 0.000000000000000000e+00 0.000000000000000000e+00 0.000000000000000000e+00 3.277400000000000000e+04 1.000000000000000000e+00
8.972463848197145462e+08 0.000000000000000000e+00 1.960000000000000000e+02 0.000000000000000000e+00 0.000000000000000000e+00 3.291000000000000000e+04 1.000000000000000000e+00
2.251465670709844828e+08 0.000000000000000000e+00 3.000000000000000000e+00 0.000000000000000000e+00 1.000000000000000000e+00 3.304600000000000000e+04 1.000000000000000000e+00
9.013061606590937376e+08 0.000000000000000000e+00 0.000000000000000000e+00 0.000000000000000000e+00 0.000000000000000000e+00 3.318300000000000000e+04 1.000000000000000000e+00
5.219668079366357923e+08 0.000000000000000000e+00 2.974000000000000000e+03 1.000000000000000000e+00 0.000000000000000000e+00 3.332000000000000000e+04 1.000000000000000000e+00
9.088929732951534986e+08 0.000000000000000000e+00 0.000000000000000000e+00 0.000000000000000000e+00 0.000000000000000000e+00 3.345800000000000000e+04 1.000000000000000000e+00
1.999459113600721121e+09 0.000000000000000000e+00 8.100000000000000000e+01 0.000000000000000000e+00 0.000000000000000000e+00 3.359400000000000000e+04 1.000000000000000000e+00
1.373079578185685396e+09 0.000000000000000000e+00 3.400000000000000000e+02 0.000000000000000000e+00 0.000000000000000000e+00 3.373100000000000000e+04 1.000000000000000000e+00
7.317267113365846872e+08 0.000000000000000000e+00 7.760000000000000000e+02 0.000000000000000000e+00 0.000000000000000000e+00 3.386800000000000000e+04 1.000000000000000000e+00
1.117353980365784168e+09 0.000000000000000000e+00 1.132000000000000000e+03 0.000000000000000000e+00 0.000000000000000000e+00 3.386800000000000000e+04 1.000000000000000000e+00
2.202190543224423599e+10 0.000000000000000000e+00 7.500000000000000000e+01 0.000000000000000000e+00 1.000000000000000000e+00 3.414100000000000000e+04 1.000000000000000000e+00
7.318720227559061050e+08 0.000000000000000000e+00 0.000000000000000000e+00 0.000000000000000000e+00 0.000000000000000000e+00 3.427700000000000000e+04 1.000000000000000000e+00
7.754800502253675461e+09 0.000000000000000000e+00 1.573000000000000000e+03 1.000000000000000000e+00 0.000000000000000000e+00 3.441400000000000000e+04 1.000000000000000000e+00
1.177402413683012581e+10 0.000000000000000000e+00 5.374000000000000000e+03 0.000000000000000000e+00 0.000000000000000000e+00 3.455000000000000000e+04 1.000000000000000000e+00
2.198993141576017141e+08 0.000000000000000000e+00 1.700000000000000000e+01 0.000000000000000000e+00 0.000000000000000000e+00 3.468600000000000000e+04 1.000000000000000000e+00
1.556037555088793859e+07 0.000000000000000000e+00 5.000000000000000000e+00 0.000000000000000000e+00 0.000000000000000000e+00 3.482200000000000000e+04 1.000000000000000000e+00
2.942622823798057437e+07 0.000000000000000000e+00 2.900000000000000000e+01 0.000000000000000000e+00 1.000000000000000000e+00 3.495800000000000000e+04 1.000000000000000000e+00
4.945016976963080466e+07 0.000000000000000000e+00 1.500000000000000000e+01 0.000000000000000000e+00 0.000000000000000000e+00 3.509500000000000000e+04 1.000000000000000000e+00
5.976493605756874382e+07 0.000000000000000000e+00 0.000000000000000000e+00 0.000000000000000000e+00 0.000000000000000000e+00 3.523200000000000000e+04 1.000000000000000000e+00
4.363543570987056941e+06 0.000000000000000000e+00 0.000000000000000000e+00 0.000000000000000000e+00 0.000000000000000000e+00 3.523200000000000000e+04 1.000000000000000000e+00
2.390578614644861594e+07 0.000000000000000000e+00 8.400000000000000000e+01 0.000000000000000000e+00 0.000000000000000000e+00 3.550400000000000000e+04 1.000000000000000000e+00
3.693858702952931076e+07 0.000000000000000000e+00 5.000000000000000000e+00 0.000000000000000000e+00 0.000000000000000000e+00 3.564100000000000000e+04 1.000000000000000000e+00
1.636344098813690990e+07 0.000000000000000000e+00 2.600000000000000000e+01 0.000000000000000000e+00 0.000000000000000000e+00 3.577800000000000000e+04 1.000000000000000000e+00
1.030322931476344615e+08 0.000000000000000000e+00 4.000000000000000000e+00 0.000000000000000000e+00 0.000000000000000000e+00 3.591500000000000000e+04 1.000000000000000000e+00
1.995233343044882715e+08 0.000000000000000000e+00 0.000000000000000000e+00 0.000000000000000000e+00 0.000000000000000000e+00 3.605100000000000000e+04 1.000000000000000000e+00
8.250869186792957783e+07 0.000000000000000000e+00 7.000000000000000000e+00 0.000000000000000000e+00 0.000000000000000000e+00 3.618700000000000000e+04 1.000000000000000000e+00
9.576679109209750313e+05 0.000000000000000000e+00 1.040000000000000000e+02 0.000000000000000000e+00 0.000000000000000000e+00 3.632400000000000000e+04 1.000000000000000000e+00
1.550368700524667799e+08 0.000000000000000000e+00 4.000000000000000000e+00 0.000000000000000000e+00 0.000000000000000000e+00 3.646000000000000000e+04 1.000000000000000000e+00
5.619706679643858671e+08 0.000000000000000000e+00 2.000000000000000000e+00 0.000000000000000000e+00 0.000000000000000000e+00 3.659600000000000000e+04 1.000000000000000000e+00
6.237528735290881991e+07 0.000000000000000000e+00 0.000000000000000000e+00 0.000000000000000000e+00 0.000000000000000000e+00 3.673200000000000000e+04 1.000000000000000000e+00
2.854966690379488096e+07 0.000000000000000000e+00 0.000000000000000000e+00 0.000000000000000000e+00 0.000000000000000000e+00 3.686800000000000000e+04 1.000000000000000000e+00
8.427565577137677670e+08 0.000000000000000000e+00 0.000000000000000000e+00 0.000000000000000000e+00 0.000000000000000000e+00 3.700400000000000000e+04 1.000000000000000000e+00
1.317592631604051590e+07 0.000000000000000000e+00 1.000000000000000000e+00 1.000000000000000000e+00 0.000000000000000000e+00 3.714000000000000000e+04 1.000000000000000000e+00
1.173509433898412064e+07 0.000000000000000000e+00 7.400000000000000000e+01 0.000000000000000000e+00 0.000000000000000000e+00 3.727700000000000000e+04 1.000000000000000000e+00
2.542919727429002151e+07 0.000000000000000000e+00 0.000000000000000000e+00 0.000000000000000000e+00 0.000000000000000000e+00 3.741400000000000000e+04 1.000000000000000000e+00
2.601819845271421671e+08 0.000000000000000000e+00 0.000000000000000000e+00 0.000000000000000000e+00 0.000000000000000000e+00 3.768800000000000000e+04 1.000000000000000000e+00
2.200002620259042829e+07 0.000000000000000000e+00 2.440000000000000000e+02 0.000000000000000000e+00 1.000000000000000000e+00 3.782500000000000000e+04 1.000000000000000000e+00
1.300998224437110275e+08 0.000000000000000000e+00 7.000000000000000000e+00 0.000000000000000000e+00 0.000000000000000000e+00 3.796100000000000000e+04 1.000000000000000000e+00
3.968169255827021599e+07 0.000000000000000000e+00 8.000000000000000000e+00 0.000000000000000000e+00 0.000000000000000000e+00 3.823400000000000000e+04 1.000000000000000000e+00
1.540446246058881516e+06 0.000000000000000000e+00 3.000000000000000000e+00 0.000000000000000000e+00 0.000000000000000000e+00 3.837000000000000000e+04 1.000000000000000000e+00
1.936538486439244449e+07 0.000000000000000000e+00 0.000000000000000000e+00 0.000000000000000000e+00 0.000000000000000000e+00 3.850700000000000000e+04 1.000000000000000000e+00
3.624671111598566175e+07 0.000000000000000000e+00 0.000000000000000000e+00 0.000000000000000000e+00 0.000000000000000000e+00 3.864500000000000000e+04 1.000000000000000000e+00
2.477616088196020946e+07 0.000000000000000000e+00 0.000000000000000000e+00 0.000000000000000000e+00 1.000000000000000000e+00 3.878100000000000000e+04 1.000000000000000000e+00
3.809047551493150182e+06 0.000000000000000000e+00 0.000000000000000000e+00 0.000000000000000000e+00 0.000000000000000000e+00 3.891700000000000000e+04 1.000000000000000000e+00
3.215249772928142175e+07 0.000000000000000000e+00 0.000000000000000000e+00 0.000000000000000000e+00 0.000000000000000000e+00 3.905300000000000000e+04 1.000000000000000000e+00
2.839761356638299767e+06 0.000000000000000000e+00 0.000000000000000000e+00 0.000000000000000000e+00 0.000000000000000000e+00 3.932500000000000000e+04 1.000000000000000000e+00
2.167991419166647829e+06 0.000000000000000000e+00 2.000000000000000000e+00 0.000000000000000000e+00 0.000000000000000000e+00 3.932500000000000000e+04 1.000000000000000000e+00
1.599662002426762134e+06 0.000000000000000000e+00 2.600000000000000000e+01 0.000000000000000000e+00 0.000000000000000000e+00 3.959600000000000000e+04 1.000000000000000000e+00
2.585159684091815725e+07 0.000000000000000000e+00 0.000000000000000000e+00 0.000000000000000000e+00 0.000000000000000000e+00 3.959600000000000000e+04 1.000000000000000000e+00
5.549660258343073726e+07 0.000000000000000000e+00 4.900000000000000000e+01 0.000000000000000000e+00 0.000000000000000000e+00 3.986900000000000000e+04 1.000000000000000000e+00
7.266252162471700460e+06 0.000000000000000000e+00 1.100000000000000000e+01 1.000000000000000000e+00 0.000000000000000000e+00 4.000400000000000000e+04 1.000000000000000000e+00
3.444883414556595683e+07 0.000000000000000000e+00 2.100000000000000000e+01 0.000000000000000000e+00 0.000000000000000000e+00 4.014000000000000000e+04 1.000000000000000000e+00
6.986719254491684958e+06 0.000000000000000000e+00 0.000000000000000000e+00 0.000000000000000000e+00 0.000000000000000000e+00 4.014000000000000000e+04 1.000000000000000000e+00
5.844458894690991938e+07 0.000000000000000000e+00 0.000000000000000000e+00 0.000000000000000000e+00 0.000000000000000000e+00 4.027600000000000000e+04 1.000000000000000000e+00
6.571897620455922186e+07 0.000000000000000000e+00 6.000000000000000000e+00 0.000000000000000000e+00 1.000000000000000000e+00 4.041300000000000000e+04 1.000000000000000000e+00
1.942111440289895982e+07 0.000000000000000000e+00 0.000000000000000000e+00 0.000000000000000000e+00 0.000000000000000000e+00 4.055000000000000000e+04 1.000000000000000000e+00
1.078870655643377639e+07 0.000000000000000000e+00 0.000000000000000000e+00 0.000000000000000000e+00 0.000000000000000000e+00 4.082200000000000000e+04 1.000000000000000000e+00
9.710288900536698056e+05 0.000000000000000000e+00 1.000000000000000000e+00 0.000000000000000000e+00 0.000000000000000000e+00 4.095800000000000000e+04 1.000000000000000000e+00
5.419695476378682256e+07 0.000000000000000000e+00 4.300000000000000000e+01 0.000000000000000000e+00 1.000000000000000000e+00 4.095800000000000000e+04 1.000000000000000000e+00
3.726076315791580081e+07 0.000000000000000000e+00 3.000000000000000000e+00 0.000000000000000000e+00 1.000000000000000000e+00 4.109400000000000000e+04 1.000000000000000000e+00
1.376594895005179197e+07 0.000000000000000000e+00 4.000000000000000000e+00 1.000000000000000000e+00 0.000000000000000000e+00 4.123000000000000000e+04 1.000000000000000000e+00
9.988016275817267597e+07 0.000000000000000000e+00 6.000000000000000000e+00 0.000000000000000000e+00 0.000000000000000000e+00 4.136600000000000000e+04 1.000000000000000000e+00
6.835976264215508103e+07 0.000000000000000000e+00 0.000000000000000000e+00 0.000000000000000000e+00 0.000000000000000000e+00 4.150100000000000000e+04 1.000000000000000000e+00
3.308624734105880558e+07 0.000000000000000000e+00 9.000000000000000000e+00 0.000000000000000000e+00 1.000000000000000000e+00 4.163700000000000000e+04 1.000000000000000000e+00
3.632164952761454973e+06 0.000000000000000000e+00 0.000000000000000000e+00 0.000000000000000000e+00 0.000000000000000000e+00 4.177300000000000000e+04 1.000000000000000000e+00
4.223954037261138856e+07 0.000000000000000000e+00 0.000000000000000000e+00 0.000000000000000000e+00 0.000000000000000000e+00 4.191000000000000000e+04 1.000000000000000000e+00
1.632073606306565925e+07 0.000000000000000000e+00 5.000000000000000000e+00 0.000000000000000000e+00 0.000000000000000000e+00 4.204600000000000000e+04 1.000000000000000000e+00
1.288657362574735135e+08 0.000000000000000000e+00 0.000000000000000000e+00 0.000000000000000000e+00 1.000000000000000000e+00 4.204600000000000000e+04 1.000000000000000000e+00
7.618148589673754759e+06 0.000000000000000000e+00 3.000000000000000000e+00 0.000000000000000000e+00 0.000000000000000000e+00 4.232000000000000000e+04 1.000000000000000000e+00
1.773220447548822314e+07 0.000000000000000000e+00 3.200000000000000000e+01 0.000000000000000000e+00 0.000000000000000000e+00 4.245700000000000000e+04 1.000000000000000000e+00
5.336357956479067355e+07 0.000000000000000000e+00 0.000000000000000000e+00 0.000000000000000000e+00 0.000000000000000000e+00 4.245700000000000000e+04 1.000000000000000000e+00
1.351274891806976870e+07 0.000000000000000000e+00 0.000000000000000000e+00 0.000000000000000000e+00 0.000000000000000000e+00 4.259400000000000000e+04 1.000000000000000000e+00
4.379680376978258789e+07 0.000000000000000000e+00 0.000000000000000000e+00 0.000000000000000000e+00 0.000000000000000000e+00 4.273100000000000000e+04 1.000000000000000000e+00
4.587519131193996407e+06 0.000000000000000000e+00 1.000000000000000000e+01 0.000000000000000000e+00 0.000000000000000000e+00 4.286800000000000000e+04 1.000000000000000000e+00
8.055300017868605256e+07 0.000000000000000000e+00 4.000000000000000000e+00 0.000000000000000000e+00 0.000000000000000000e+00 4.300500000000000000e+04 1.000000000000000000e+00
1.408645676446683146e+07 0.000000000000000000e+00 0.000000000000000000e+00 0.000000000000000000e+00 0.000000000000000000e+00 4.314100000000000000e+04 1.000000000000000000e+00
1.318178895175583474e+07 0.000000000000000000e+00 1.900000000000000000e+01 1.000000000000000000e+00 0.000000000000000000e+00 4.341400000000000000e+04 1.000000000000000000e+00
1.634804167204477265e+07 0.000000000000000000e+00 0.000000000000000000e+00 0.000000000000000000e+00 0.000000000000000000e+00 4.355100000000000000e+04 1.000000000000000000e+00
1.156006890088870563e+07 0.000000000000000000e+00 0.000000000000000000e+00 0.000000000000000000e+00 0.000000000000000000e+00 4.368700000000000000e+04 1.000000000000000000e+00
2.059412112169090658e+07 0.000000000000000000e+00 4.000000000000000000e+00 0.000000000000000000e+00 0.000000000000000000e+00 4.382300000000000000e+04 1.000000000000000000e+00
4.734569862390016019e+07 0.000000000000000000e+00 0.000000000000000000e+00 0.000000000000000000e+00 0.000000000000000000e+00 4.382300000000000000e+04 1.000000000000000000e+00
3.159698539189130068e+07 0.000000000000000000e+00 1.200000000000000000e+01 0.000000000000000000e+00 0.000000000000000000e+00 4.395900000000000000e+04 1.000000000000000000e+00
2.022081930397488922e+07 0.000000000000000000e+00 0.000000000000000000e+00 0.000000000000000000e+00 0.000000000000000000e+00 4.409500000000000000e+04 1.000000000000000000e+00
3.157295004775971547e+07 0.000000000000000000e+00 2.300000000000000000e+01 0.000000000000000000e+00 1.000000000000000000e+00 4.423100000000000000e+04 1.000000000000000000e+00
7.113901922438377142e+07 0.000000000000000000e+00 0.000000000000000000e+00 0.000000000000000000e+00 0.000000000000000000e+00 4.436800000000000000e+04 1.000000000000000000e+00
1.301087613050978631e+06 0.000000000000000000e+00 2.100000000000000000e+01 0.000000000000000000e+00 0.000000000000000000e+00 4.450400000000000000e+04 1.000000000000000000e+00
1.387549882335068844e+07 0.000000000000000000e+00 0.000000000000000000e+00 0.000000000000000000e+00 1.000000000000000000e+00 4.464000000000000000e+04 1.000000000000000000e+00
1.126724167471303791e+07 0.000000000000000000e+00 8.100000000000000000e+01 0.000000000000000000e+00 0.000000000000000000e+00 4.477700000000000000e+04 1.000000000000000000e+00
8.310232703472793102e+06 0.000000000000000000e+00 3.300000000000000000e+01 1.000000000000000000e+00 0.000000000000000000e+00 4.491400000000000000e+04 1.000000000000000000e+00
1.868933958048901986e+06 0.000000000000000000e+00 1.700000000000000000e+01 0.000000000000000000e+00 0.000000000000000000e+00 4.505000000000000000e+04 1.000000000000000000e+00
3.971624913586293906e+07 0.000000000000000000e+00 3.000000000000000000e+00 0.000000000000000000e+00 0.000000000000000000e+00 4.518700000000000000e+04 1.000000000000000000e+00
1.880241818683722615e+07 0.000000000000000000e+00 0.000000000000000000e+00 0.000000000000000000e+00 0.000000000000000000e+00 4.532300000000000000e+04 1.000000000000000000e+00
3.534712363454832882e+07 0.000000000000000000e+00 3.000000000000000000e+00 0.000000000000000000e+00 0.000000000000000000e+00 4.545900000000000000e+04 1.000000000000000000e+00
1.591356376628631949e+08 0.000000000000000000e+00 2.500000000000000000e+01 0.000000000000000000e+00 0.000000000000000000e+00 4.559500000000000000e+04 1.000000000000000000e+00
2.322394778090078011e+07 0.000000000000000000e+00 4.000000000000000000e+00 0.000000000000000000e+00 0.000000000000000000e+00 4.573100000000000000e+04 1.000000000000000000e+00
7.085178369637645781e+06 0.000000000000000000e+00 0.000000000000000000e+00 0.000000000000000000e+00 0.000000000000000000e+00 4.586700000000000000e+04 1.000000000000000000e+00
3.275440808818182722e+07 0.000000000000000000e+00 4.000000000000000000e+00 0.000000000000000000e+00 0.000000000000000000e+00 4.586700000000000000e+04 1.000000000000000000e+00
2.737631706392428651e+07 0.000000000000000000e+00 3.000000000000000000e+00 0.000000000000000000e+00 0.000000000000000000e+00 4.600300000000000000e+04 1.000000000000000000e+00
2.134719672589688562e+06 0.000000000000000000e+00 2.900000000000000000e+01 0.000000000000000000e+00 0.000000000000000000e+00 4.614000000000000000e+04 1.000000000000000000e+00
2.561341275892055407e+07 0.000000000000000000e+00 1.320000000000000000e+02 0.000000000000000000e+00 0.000000000000000000e+00 4.641300000000000000e+04 1.000000000000000000e+00
6.457055966928091832e+06 0.000000000000000000e+00 0.000000000000000000e+00 0.000000000000000000e+00 0.000000000000000000e+00 4.641300000000000000e+04 1.000000000000000000e+00
2.348585511349928100e+06 0.000000000000000000e+00 0.000000000000000000e+00 0.000000000000000000e+00 0.000000000000000000e+00 4.655000000000000000e+04 1.000000000000000000e+00
7.900642116750803590e+07 0.000000000000000000e+00 5.000000000000000000e+00 0.000000000000000000e+00 0.000000000000000000e+00 4.682400000000000000e+04 1.000000000000000000e+00
3.172706256931487098e+07 0.000000000000000000e+00 0.000000000000000000e+00 0.000000000000000000e+00 0.000000000000000000e+00 4.682400000000000000e+04 1.000000000000000000e+00
1.360918353923970368e+06 0.000000000000000000e+00 0.000000000000000000e+00 0.000000000000000000e+00 0.000000000000000000e+00 4.696100000000000000e+04 1.000000000000000000e+00
7.156097515601342311e+05 0.000000000000000000e+00 1.000000000000000000e+00 1.000000000000000000e+00 0.000000000000000000e+00 4.709700000000000000e+04 1.000000000000000000e+00
7.310988780321896076e+06 0.000000000000000000e+00 0.000000000000000000e+00 0.000000000000000000e+00 1.000000000000000000e+00 4.723400000000000000e+04 1.000000000000000000e+00
2.357649668838865310e+07 0.000000000000000000e+00 0.000000000000000000e+00 0.000000000000000000e+00 0.000000000000000000e+00 4.737000000000000000e+04 1.000000000000000000e+00
3.297051978544740379e+07 0.000000000000000000e+00 0.000000000000000000e+00 0.000000000000000000e+00 0.000000000000000000e+00 4.750600000000000000e+04 1.000000000000000000e+00
9.119303421194182709e+06 0.000000000000000000e+00 4.000000000000000000e+00 0.000000000000000000e+00 0.000000000000000000e+00 4.764200000000000000e+04 1.000000000000000000e+00
3.258208376134716719e+07 0.000000000000000000e+00 0.000000000000000000e+00 0.000000000000000000e+00 0.000000000000000000e+00 4.777900000000000000e+04 1.000000000000000000e+00
1.121377376555760577e+07 0.000000000000000000e+00 4.000000000000000000e+00 0.000000000000000000e+00 0.000000000000000000e+00 4.791500000000000000e+04 1.000000000000000000e+00
1.636312233212312311e+07 0.000000000000000000e+00 3.300000000000000000e+01 0.000000000000000000e+00 0.000000000000000000e+00 4.805200000000000000e+04 1.000000000000000000e+00
6.646191077705320902e+06 0.000000000000000000e+00 1.304000000000000000e+03 1.000000000000000000e+00 0.000000000000000000e+00 4.818800000000000000e+04 1.000000000000000000e+00
1.532030269437460229e+07 0.000000000000000000e+00 0.000000000000000000e+00 0.000000000000000000e+00 0.000000000000000000e+00 4.846200000000000000e+04 1.000000000000000000e+00
5.143025709723264724e+07 0.000000000000000000e+00 0.000000000000000000e+00 0.000000000000000000e+00 0.000000000000000000e+00 4.859900000000000000e+04 1.000000000000000000e+00
6.483620288177572489e+08 0.000000000000000000e+00 0.000000000000000000e+00 0.000000000000000000e+00 0.000000000000000000e+00 4.873600000000000000e+04 1.000000000000000000e+00
1.139473774391242862e+08 0.000000000000000000e+00 0.000000000000000000e+00 0.000000000000000000e+00 0.000000000000000000e+00 4.887200000000000000e+04 1.000000000000000000e+00
4.975817282191178203e+07 0.000000000000000000e+00 0.000000000000000000e+00 0.000000000000000000e+00 0.000000000000000000e+00 4.900900000000000000e+04 1.000000000000000000e+00
2.874929086112498492e+07 0.000000000000000000e+00 1.511000000000000000e+03 0.000000000000000000e+00 1.000000000000000000e+00 4.914600000000000000e+04 1.000000000000000000e+00
8.725956369304347783e+06 0.000000000000000000e+00 3.000000000000000000e+00 0.000000000000000000e+00 0.000000000000000000e+00 4.914600000000000000e+04 1.000000000000000000e+00
2.988903592886077985e+07 0.000000000000000000e+00 0.000000000000000000e+00 0.000000000000000000e+00 0.000000000000000000e+00 4.928200000000000000e+04 1.000000000000000000e+00
6.353238413761792704e+06 0.000000000000000000e+00 5.000000000000000000e+00 0.000000000000000000e+00 0.000000000000000000e+00 4.941800000000000000e+04 1.000000000000000000e+00
1.279957454080222640e+06 0.000000000000000000e+00 0.000000000000000000e+00 0.000000000000000000e+00 0.000000000000000000e+00 4.955400000000000000e+04 1.000000000000000000e+00
6.947489314004163316e+04 0.000000000000000000e+00 3.000000000000000000e+00 0.000000000000000000e+00 0.000000000000000000e+00 4.969000000000000000e+04 1.000000000000000000e+00
1.497749779800751992e+07 0.000000000000000000e+00 0.000000000000000000e+00 0.000000000000000000e+00 0.000000000000000000e+00 4.982600000000000000e+04 1.000000000000000000e+00
8.310433004973626696e+06 0.000000000000000000e+00 0.000000000000000000e+00 0.000000000000000000e+00 0.000000000000000000e+00 4.982600000000000000e+04 1.000000000000000000e+00
1.206584815118773282e+07 0.000000000000000000e+00 1.460000000000000000e+02 0.000000000000000000e+00 0.000000000000000000e+00 4.996100000000000000e+04 1.000000000000000000e+00
5.462981348114738939e+05 0.000000000000000000e+00 4.000000000000000000e+00 0.000000000000000000e+00 0.000000000000000000e+00 5.009700000000000000e+04 1.000000000000000000e+00
6.689782849113767035e+06 0.000000000000000000e+00 6.400000000000000000e+01 0.000000000000000000e+00 0.000000000000000000e+00 5.023400000000000000e+04 1.000000000000000000e+00
6.207951070336391840e-03 0.000000000000000000e+00 0.000000000000000000e+00 0.000000000000000000e+00 0.000000000000000000e+00 5.037100000000000000e+04 1.000000000000000000e+00
2.432363922409132589e+06 0.000000000000000000e+00 0.000000000000000000e+00 0.000000000000000000e+00 0.000000000000000000e+00 5.050700000000000000e+04 1.000000000000000000e+00
1.094845424905881658e+07 0.000000000000000000e+00 0.000000000000000000e+00 0.000000000000000000e+00 0.000000000000000000e+00 5.064400000000000000e+04 1.000000000000000000e+00
2.111208807954131439e+07 0.000000000000000000e+00 1.600000000000000000e+01 0.000000000000000000e+00 0.000000000000000000e+00 5.078000000000000000e+04 1.000000000000000000e+00
2.524015975213592052e+08 0.000000000000000000e+00 0.000000000000000000e+00 0.000000000000000000e+00 0.000000000000000000e+00 5.091500000000000000e+04 1.000000000000000000e+00
1.287398555284568481e+07 0.000000000000000000e+00 0.000000000000000000e+00 0.000000000000000000e+00 0.000000000000000000e+00 5.105100000000000000e+04 1.000000000000000000e+00
4.291412350421871990e+06 0.000000000000000000e+00 2.000000000000000000e+00 0.000000000000000000e+00 0.000000000000000000e+00 5.118800000000000000e+04 1.000000000000000000e+00
7.150988614782605320e+06 0.000000000000000000e+00 0.000000000000000000e+00 0.000000000000000000e+00 0.000000000000000000e+00 5.132400000000000000e+04 1.000000000000000000e+00
4.900536261334265582e+06 0.000000000000000000e+00 1.700000000000000000e+01 0.000000000000000000e+00 0.000000000000000000e+00 5.146000000000000000e+04 1.000000000000000000e+00
1.986677091949152527e+06 0.000000000000000000e+00 1.100000000000000000e+01 1.000000000000000000e+00 0.000000000000000000e+00 5.159600000000000000e+04 1.000000000000000000e+00
3.337584139679419994e+07 0.000000000000000000e+00 0.000000000000000000e+00 0.000000000000000000e+00 0.000000000000000000e+00 5.173300000000000000e+04 1.000000000000000000e+00
5.672428663003632100e+05 0.000000000000000000e+00 0.000000000000000000e+00 0.000000000000000000e+00 0.000000000000000000e+00 5.186900000000000000e+04 1.000000000000000000e+00
9.691682520627293736e+06 0.000000000000000000e+00 1.000000000000000000e+00 0.000000000000000000e+00 0.000000000000000000e+00 5.200500000000000000e+04 1.000000000000000000e+00
1.850294734690265264e+06 0.000000000000000000e+00 0.000000000000000000e+00 0.000000000000000000e+00 0.000000000000000000e+00 5.214000000000000000e+04 1.000000000000000000e+00
1.532030269437460229e+07 0.000000000000000000e+00 0.000000000000000000e+00 0.000000000000000000e+00 0.000000000000000000e+00 5.227600000000000000e+04 1.000000000000000000e+00
5.143025709723264724e+07 0.000000000000000000e+00 0.000000000000000000e+00 0.000000000000000000e+00 0.000000000000000000e+00 5.241200000000000000e+04 1.000000000000000000e+00
6.483620288177572489e+08 0.000000000000000000e+00 0.000000000000000000e+00 0.000000000000000000e+00 0.000000000000000000e+00 5.255000000000000000e+04 1.000000000000000000e+00
1.139473774391242862e+08 0.000000000000000000e+00 0.000000000000000000e+00 0.000000000000000000e+00 0.000000000000000000e+00 5.268600000000000000e+04 1.000000000000000000e+00
4.975817282191178203e+07 0.000000000000000000e+00 0.000000000000000000e+00 0.000000000000000000e+00 0.000000000000000000e+00 5.268600000000000000e+04 1.000000000000000000e+00
2.874929086112498492e+07 0.000000000000000000e+00 1.511000000000000000e+03 0.000000000000000000e+00 1.000000000000000000e+00 5.282200000000000000e+04 1.000000000000000000e+00
8.725956369304347783e+06 0.000000000000000000e+00 3.000000000000000000e+00 0.000000000000000000e+00 0.000000000000000000e+00 5.295800000000000000e+04 1.000000000000000000e+00
2.988903592886077985e+07 0.000000000000000000e+00 0.000000000000000000e+00 0.000000000000000000e+00 0.000000000000000000e+00 5.309500000000000000e+04 1.000000000000000000e+00
6.353238413761792704e+06 0.000000000000000000e+00 5.000000000000000000e+00 0.000000000000000000e+00 0.000000000000000000e+00 5.323100000000000000e+04 1.000000000000000000e+00
1.279957454080222640e+06 0.000000000000000000e+00 0.000000000000000000e+00 0.000000000000000000e+00 0.000000000000000000e+00 5.336700000000000000e+04 1.000000000000000000e+00
6.947489314004163316e+04 0.000000000000000000e+00 4.000000000000000000e+00 0.000000000000000000e+00 0.000000000000000000e+00 5.350400000000000000e+04 1.000000000000000000e+00
1.497749779800751992e+07 0.000000000000000000e+00 0.000000000000000000e+00 0.000000000000000000e+00 0.000000000000000000e+00 5.350400000000000000e+04 1.000000000000000000e+00
8.310433004973626696e+06 0.000000000000000000e+00 0.000000000000000000e+00 0.000000000000000000e+00 0.000000000000000000e+00 5.364100000000000000e+04 1.000000000000000000e+00
1.206584815118773282e+07 0.000000000000000000e+00 1.460000000000000000e+02 0.000000000000000000e+00 0.000000000000000000e+00 5.377800000000000000e+04 1.000000000000000000e+00
5.462981348114738939e+05 0.000000000000000000e+00 4.000000000000000000e+00 0.000000000000000000e+00 0.000000000000000000e+00 5.391400000000000000e+04 1.000000000000000000e+00
6.689782849113767035e+06 0.000000000000000000e+00 6.900000000000000000e+01 0.000000000000000000e+00 0.000000000000000000e+00 5.405000000000000000e+04 1.000000000000000000e+00
6.207951070336391840e-03 0.000000000000000000e+00 0.000000000000000000e+00 0.000000000000000000e+00 0.000000000000000000e+00 5.405000000000000000e+04 1.000000000000000000e+00
2.432363922409132589e+06 0.000000000000000000e+00 0.000000000000000000e+00 0.000000000000000000e+00 0.000000000000000000e+00 5.418700000000000000e+04 1.000000000000000000e+00
1.094845424905881658e+07 0.000000000000000000e+00 0.000000000000000000e+00 0.000000000000000000e+00 0.000000000000000000e+00 5.432400000000000000e+04 1.000000000000000000e+00
2.111208807954131439e+07 0.000000000000000000e+00 1.600000000000000000e+01 0.000000000000000000e+00 0.000000000000000000e+00 5.446100000000000000e+04 1.000000000000000000e+00
2.524015975213592052e+08 0.000000000000000000e+00 0.000000000000000000e+00 0.000000000000000000e+00 0.000000000000000000e+00 5.459700000000000000e+04 1.000000000000000000e+00
1.287398555284568481e+07 0.000000000000000000e+00 0.000000000000000000e+00 0.000000000000000000e+00 0.000000000000000000e+00 5.473300000000000000e+04 1.000000000000000000e+00
4.291412350421871990e+06 0.000000000000000000e+00 2.000000000000000000e+00 0.000000000000000000e+00 0.000000000000000000e+00 5.473300000000000000e+04 1.000000000000000000e+00
7.150988614782605320e+06 0.000000000000000000e+00 0.000000000000000000e+00 0.000000000000000000e+00 0.000000000000000000e+00 5.487000000000000000e+04 1.000000000000000000e+00
4.900536261334265582e+06 0.000000000000000000e+00 1.700000000000000000e+01 0.000000000000000000e+00 0.000000000000000000e+00 5.500600000000000000e+04 1.000000000000000000e+00
1.986677091949152527e+06 0.000000000000000000e+00 1.100000000000000000e+01 1.000000000000000000e+00 0.000000000000000000e+00 5.514200000000000000e+04 1.000000000000000000e+00
3.337584139679419994e+07 0.000000000000000000e+00 0.000000000000000000e+00 0.000000000000000000e+00 0.000000000000000000e+00 5.527800000000000000e+04 1.000000000000000000e+00
5.672428663003632100e+05 0.000000000000000000e+00 0.000000000000000000e+00 0.000000000000000000e+00 0.000000000000000000e+00 5.541400000000000000e+04 1.000000000000000000e+00
9.691682520627293736e+06 0.000000000000000000e+00 1.000000000000000000e+00 0.000000000000000000e+00 0.000000000000000000e+00 5.555100000000000000e+04 1.000000000000000000e+00
1.850294734690265264e+06 0.000000000000000000e+00 0.000000000000000000e+00 0.000000000000000000e+00 0.000000000000000000e+00 5.555100000000000000e+04 1.000000000000000000e+00
1.848487666707894802e+08 0.000000000000000000e+00 0.000000000000000000e+00 0.000000000000000000e+00 0.000000000000000000e+00 5.582300000000000000e+04 1.000000000000000000e+00
2.816376116371422075e+06 0.000000000000000000e+00 1.500000000000000000e+01 0.000000000000000000e+00 0.000000000000000000e+00 5.595900000000000000e+04 1.000000000000000000e+00
9.371891428588825511e+05 0.000000000000000000e+00 0.000000000000000000e+00 0.000000000000000000e+00 0.000000000000000000e+00 5.595900000000000000e+04 1.000000000000000000e+00
1.581905056599999964e+07 0.000000000000000000e+00 2.000000000000000000e+00 0.000000000000000000e+00 0.000000000000000000e+00 5.609600000000000000e+04 1.000000000000000000e+00
2.256861472304146271e+06 0.000000000000000000e+00 0.000000000000000000e+00 0.000000000000000000e+00 0.000000000000000000e+00 5.623300000000000000e+04 1.000000000000000000e+00
3.801448149866667390e+07 0.000000000000000000e+00 0.000000000000000000e+00 0.000000000000000000e+00 0.000000000000000000e+00 5.637000000000000000e+04 1.000000000000000000e+00
8.917369180129317567e+06 0.000000000000000000e+00 0.000000000000000000e+00 0.000000000000000000e+00 0.000000000000000000e+00 5.664300000000000000e+04 1.000000000000000000e+00
4.647184314355719835e+06 0.000000000000000000e+00 0.000000000000000000e+00 0.000000000000000000e+00 0.000000000000000000e+00 5.664300000000000000e+04 1.000000000000000000e+00
7.425242887919998728e+06 0.000000000000000000e+00 2.000000000000000000e+00 0.000000000000000000e+00 1.000000000000000000e+00 5.677800000000000000e+04 1.000000000000000000e+00
7.116246305404043198e+07 0.000000000000000000e+00 0.000000000000000000e+00 0.000000000000000000e+00 0.000000000000000000e+00 5.691400000000000000e+04 1.000000000000000000e+00
2.271381438428191468e+07 0.000000000000000000e+00 0.000000000000000000e+00 0.000000000000000000e+00 0.000000000000000000e+00 5.705000000000000000e+04 1.000000000000000000e+00
1.831119249002672441e+05 0.000000000000000000e+00 0.000000000000000000e+00 0.000000000000000000e+00 0.000000000000000000e+00 5.718700000000000000e+04 1.000000000000000000e+00
2.338045158656716347e+06 0.000000000000000000e+00 0.000000000000000000e+00 0.000000000000000000e+00 0.000000000000000000e+00 5.732400000000000000e+04 1.000000000000000000e+00
2.487516416180904955e+06 0.000000000000000000e+00 0.000000000000000000e+00 0.000000000000000000e+00 0.000000000000000000e+00 5.746000000000000000e+04 1.000000000000000000e+00
1.712832751431039348e+07 0.000000000000000000e+00 0.000000000000000000e+00 0.000000000000000000e+00 0.000000000000000000e+00 5.759700000000000000e+04 1.000000000000000000e+00
1.932154068590697274e+07 0.000000000000000000e+00 0.000000000000000000e+00 0.000000000000000000e+00 0.000000000000000000e+00 5.773500000000000000e+04 1.000000000000000000e+00
2.037428071019103518e+06 0.000000000000000000e+00 2.000000000000000000e+00 0.000000000000000000e+00 0.000000000000000000e+00 5.787100000000000000e+04 1.000000000000000000e+00
5.698183648280374706e+07 0.000000000000000000e+00 0.000000000000000000e+00 0.000000000000000000e+00 0.000000000000000000e+00 5.800800000000000000e+04 1.000000000000000000e+00
6.950231943941996992e+07 0.000000000000000000e+00 8.000000000000000000e+00 0.000000000000000000e+00 0.000000000000000000e+00 5.814500000000000000e+04 1.000000000000000000e+00
1.138314294935581973e+06 0.000000000000000000e+00 0.000000000000000000e+00 0.000000000000000000e+00 0.000000000000000000e+00 5.814500000000000000e+04 1.000000000000000000e+00
7.696811308683794737e+07 0.000000000000000000e+00 0.000000000000000000e+00 0.000000000000000000e+00 0.000000000000000000e+00 5.828100000000000000e+04 1.000000000000000000e+00
5.566240694555556029e+07 0.000000000000000000e+00 0.000000000000000000e+00 0.000000000000000000e+00 0.000000000000000000e+00 5.841800000000000000e+04 1.000000000000000000e+00
1.297613980907414807e+06 0.000000000000000000e+00 9.000000000000000000e+00 0.000000000000000000e+00 1.000000000000000000e+00 5.855500000000000000e+04 1.000000000000000000e+00
3.678118759930689121e+05 0.000000000000000000e+00 2.000000000000000000e+00 0.000000000000000000e+00 0.000000000000000000e+00 5.869200000000000000e+04 1.000000000000000000e+00
1.741122259363042936e+07 0.000000000000000000e+00 0.000000000000000000e+00 0.000000000000000000e+00 0.000000000000000000e+00 5.882900000000000000e+04 1.000000000000000000e+00
1.834595990625926256e+08 0.000000000000000000e+00 0.000000000000000000e+00 0.000000000000000000e+00 0.000000000000000000e+00 5.896600000000000000e+04 1.000000000000000000e+00
9.287394220245983452e+06 0.000000000000000000e+00 0.000000000000000000e+00 0.000000000000000000e+00 0.000000000000000000e+00 5.910300000000000000e+04 1.000000000000000000e+00
1.925235276883638650e+07 0.000000000000000000e+00 0.000000000000000000e+00 0.000000000000000000e+00 0.000000000000000000e+00 5.924000000000000000e+04 1.000000000000000000e+00
1.283950240606565028e+06 0.000000000000000000e+00 2.800000000000000000e+01 0.000000000000000000e+00 0.000000000000000000e+00 5.937700000000000000e+04 1.000000000000000000e+00
3.644377003825397044e+07 0.000000000000000000e+00 0.000000000000000000e+00 0.000000000000000000e+00 0.000000000000000000e+00 5.951400000000000000e+04 1.000000000000000000e+00
1.737429060993838357e+06 0.000000000000000000e+00 0.000000000000000000e+00 0.000000000000000000e+00 0.000000000000000000e+00 5.965100000000000000e+04 1.000000000000000000e+00
4.978452944523809478e+06 0.000000000000000000e+00 0.000000000000000000e+00 0.000000000000000000e+00 0.000000000000000000e+00 5.978900000000000000e+04 1.000000000000000000e+00
6.175698663638094813e+07 0.000000000000000000e+00 1.400000000000000000e+01 0.000000000000000000e+00 1.000000000000000000e+00 5.992700000000000000e+04 1.000000000000000000e+00
4.304288210338978097e+06 0.000000000000000000e+00 0.000000000000000000e+00 0.000000000000000000e+00 0.000000000000000000e+00 5.992700000000000000e+04 1.000000000000000000e+00
3.374887196316485852e+07 0.000000000000000000e+00 0.000000000000000000e+00 0.000000000000000000e+00 0.000000000000000000e+00 6.006400000000000000e+04 1.000000000000000000e+00
3.754121616193538997e+06 0.000000000000000000e+00 4.000000000000000000e+00 0.000000000000000000e+00 0.000000000000000000e+00 6.020000000000000000e+04 1.000000000000000000e+00
2.019232969318840653e+07 0.000000000000000000e+00 1.560000000000000000e+02 0.000000000000000000e+00 0.000000000000000000e+00 6.033700000000000000e+04 1.000000000000000000e+00
3.060888035006775055e+06 0.000000000000000000e+00 0.000000000000000000e+00 0.000000000000000000e+00 0.000000000000000000e+00 6.047300000000000000e+04 1.000000000000000000e+00
3.233367168972182274e+07 0.000000000000000000e+00 0.000000000000000000e+00 0.000000000000000000e+00 0.000000000000000000e+00 6.061000000000000000e+04 1.000000000000000000e+00
1.420418123333333759e+06 0.000000000000000000e+00 0.000000000000000000e+00 0.000000000000000000e+00 0.000000000000000000e+00 6.074600000000000000e+04 1.000000000000000000e+00
6.359085473781790351e+05 0.000000000000000000e+00 2.000000000000000000e+00 0.000000000000000000e+00 0.000000000000000000e+00 6.088300000000000000e+04 1.000000000000000000e+00
1.199268102967674658e+07 0.000000000000000000e+00 0.000000000000000000e+00 0.000000000000000000e+00 0.000000000000000000e+00 6.088300000000000000e+04 1.000000000000000000e+00
1.677882141436626262e+05 0.000000000000000000e+00 0.000000000000000000e+00 0.000000000000000000e+00 0.000000000000000000e+00 6.101900000000000000e+04 1.000000000000000000e+00
5.054181741377680446e+05 0.000000000000000000e+00 4.000000000000000000e+00 0.000000000000000000e+00 0.000000000000000000e+00 6.115500000000000000e+04 1.000000000000000000e+00
6.207951070336391840e-03 0.000000000000000000e+00 0.000000000000000000e+00 0.000000000000000000e+00 0.000000000000000000e+00 6.129100000000000000e+04 1.000000000000000000e+00
8.091321908119889908e+06 0.000000000000000000e+00 2.000000000000000000e+00 0.000000000000000000e+00 0.000000000000000000e+00 6.142900000000000000e+04 1.000000000000000000e+00
4.588322796195553243e+07 0.000000000000000000e+00 2.000000000000000000e+00 0.000000000000000000e+00 1.000000000000000000e+00 6.142900000000000000e+04 1.000000000000000000e+00
1.509233471061545052e+07 0.000000000000000000e+00 0.000000000000000000e+00 0.000000000000000000e+00 0.000000000000000000e+00 6.156500000000000000e+04 1.000000000000000000e+00
8.800099866551624145e+05 0.000000000000000000e+00 6.000000000000000000e+00 1.000000000000000000e+00 0.000000000000000000e+00 6.183800000000000000e+04 1.000000000000000000e+00
3.604862895795456599e+06 0.000000000000000000e+00 7.400000000000000000e+01 0.000000000000000000e+00 0.000000000000000000e+00 6.183800000000000000e+04 1.000000000000000000e+00
1.536266769788588397e+07 0.000000000000000000e+00 0.000000000000000000e+00 0.000000000000000000e+00 0.000000000000000000e+00 6.197400000000000000e+04 1.000000000000000000e+00
2.125782215160198510e+08 0.000000000000000000e+00 0.000000000000000000e+00 0.000000000000000000e+00 0.000000000000000000e+00 6.210900000000000000e+04 1.000000000000000000e+00
1.705118532767856494e+06 0.000000000000000000e+00 3.000000000000000000e+00 0.000000000000000000e+00 0.000000000000000000e+00 6.224500000000000000e+04 1.000000000000000000e+00
5.107843937343310681e+05 0.000000000000000000e+00 0.000000000000000000e+00 0.000000000000000000e+00 0.000000000000000000e+00 6.238200000000000000e+04 1.000000000000000000e+00
7.533266114557264373e+06 0.000000000000000000e+00 5.000000000000000000e+00 0.000000000000000000e+00 0.000000000000000000e+00 6.251800000000000000e+04 1.000000000000000000e+00
2.830273706802367046e+07 0.000000000000000000e+00 5.000000000000000000e+00 0.000000000000000000e+00 0.000000000000000000e+00 6.265500000000000000e+04 1.000000000000000000e+00
4.119341460118109360e+06 0.000000000000000000e+00 0.000000000000000000e+00 0.000000000000000000e+00 0.000000000000000000e+00 6.279200000000000000e+04 1.000000000000000000e+00
8.729712301623586565e+06 0.000000000000000000e+00 1.200000000000000000e+01 0.000000000000000000e+00 0.000000000000000000e+00 6.306400000000000000e+04 1.000000000000000000e+00
1.446815082666666061e+07 0.000000000000000000e+00 3.000000000000000000e+00 0.000000000000000000e+00 0.000000000000000000e+00 6.306400000000000000e+04 1.000000000000000000e+00
4.130578338124325871e+07 0.000000000000000000e+00 0.000000000000000000e+00 0.000000000000000000e+00 0.000000000000000000e+00 6.320000000000000000e+04 1.000000000000000000e+00
2.824864448555134237e+06 0.000000000000000000e+00 0.000000000000000000e+00 0.000000000000000000e+00 0.000000000000000000e+00 6.333700000000000000e+04 1.000000000000000000e+00
1.558764766854976416e+08 0.000000000000000000e+00 0.000000000000000000e+00 0.000000000000000000e+00 0.000000000000000000e+00 6.333700000000000000e+04 1.000000000000000000e+00
1.100118882725418732e+07 0.000000000000000000e+00 8.000000000000000000e+00 0.000000000000000000e+00 0.000000000000000000e+00 6.361000000000000000e+04 1.000000000000000000e+00
2.752461900731653720e+07 0.000000000000000000e+00 0.000000000000000000e+00 0.000000000000000000e+00 0.000000000000000000e+00 6.374600000000000000e+04 1.000000000000000000e+00
6.290832049601895362e+07 0.000000000000000000e+00 0.000000000000000000e+00 0.000000000000000000e+00 0.000000000000000000e+00 6.374600000000000000e+04 1.000000000000000000e+00
2.413802359842707589e+07 0.000000000000000000e+00 2.770000000000000000e+02 0.000000000000000000e+00 0.000000000000000000e+00 6.401900000000000000e+04 1.000000000000000000e+00
9.137915250293075806e+05 0.000000000000000000e+00 2.000000000000000000e+00 0.000000000000000000e+00 0.000000000000000000e+00 6.415400000000000000e+04 1.000000000000000000e+00
2.953557883513834677e+05 0.000000000000000000e+00 2.000000000000000000e+00 0.000000000000000000e+00 0.000000000000000000e+00 6.429000000000000000e+04 1.000000000000000000e+00
4.009465332271372527e+07 0.000000000000000000e+00 5.000000000000000000e+00 0.000000000000000000e+00 0.000000000000000000e+00 6.442600000000000000e+04 1.000000000000000000e+00
1.024417050926136225e+07 0.000000000000000000e+00 0.000000000000000000e+00 0.000000000000000000e+00 0.000000000000000000e+00 6.456200000000000000e+04 1.000000000000000000e+00
