3.919233974608180233e+02 0.000000000000000000e+00 0.000000000000000000e+00 0.000000000000000000e+00 0.000000000000000000e+00 7.124900000000000000e+04 0.000000000000000000e+00
3.165817822033777247e+03 0.000000000000000000e+00 2.000000000000000000e+00 0.000000000000000000e+00 0.000000000000000000e+00 7.138500000000000000e+04 0.000000000000000000e+00
4.577353937581380160e+04 0.000000000000000000e+00 0.000000000000000000e+00 0.000000000000000000e+00 0.000000000000000000e+00 7.152200000000000000e+04 0.000000000000000000e+00
1.127990985153325937e+03 0.000000000000000000e+00 0.000000000000000000e+00 0.000000000000000000e+00 0.000000000000000000e+00 7.165800000000000000e+04 0.000000000000000000e+00
5.298648161031501331e+02 0.000000000000000000e+00 0.000000000000000000e+00 1.000000000000000000e+00 0.000000000000000000e+00 7.179300000000000000e+04 0.000000000000000000e+00
1.473814285714285290e+02 0.000000000000000000e+00 1.400000000000000000e+02 0.000000000000000000e+00 0.000000000000000000e+00 7.179300000000000000e+04 0.000000000000000000e+00
6.130492326791433152e+04 0.000000000000000000e+00 0.000000000000000000e+00 0.000000000000000000e+00 0.000000000000000000e+00 7.192900000000000000e+04 0.000000000000000000e+00
9.727309825254948009e+03 0.000000000000000000e+00 0.000000000000000000e+00 0.000000000000000000e+00 0.000000000000000000e+00 7.206600000000000000e+04 0.000000000000000000e+00
7.735055553015655505e+01 0.000000000000000000e+00 0.000000000000000000e+00 0.000000000000000000e+00 0.000000000000000000e+00 7.220200000000000000e+04 0.000000000000000000e+00
5.064800621714739100e+04 0.000000000000000000e+00 0.000000000000000000e+00 0.000000000000000000e+00 0.000000000000000000e+00 7.233900000000000000e+04 0.000000000000000000e+00
3.731072799532886620e+03 0.000000000000000000e+00 0.000000000000000000e+00 0.000000000000000000e+00 0.000000000000000000e+00 7.247500000000000000e+04 0.000000000000000000e+00
7.431305578582081944e+04 0.000000000000000000e+00 1.100000000000000000e+01 0.000000000000000000e+00 0.000000000000000000e+00 7.261100000000000000e+04 0.000000000000000000e+00
1.966693958431372419e+06 0.000000000000000000e+00 0.000000000000000000e+00 0.000000000000000000e+00 0.000000000000000000e+00 7.274700000000000000e+04 0.000000000000000000e+00
1.266686625812725397e+05 0.000000000000000000e+00 2.000000000000000000e+00 0.000000000000000000e+00 0.000000000000000000e+00 7.288200000000000000e+04 0.000000000000000000e+00
2.523932246947314070e+03 0.000000000000000000e+00 0.000000000000000000e+00 0.000000000000000000e+00 0.000000000000000000e+00 7.288200000000000000e+04 0.000000000000000000e+00
9.825425229382454418e+05 0.000000000000000000e+00 7.000000000000000000e+00 0.000000000000000000e+00 0.000000000000000000e+00 7.301800000000000000e+04 0.000000000000000000e+00
9.946516107511681184e+03 0.000000000000000000e+00 0.000000000000000000e+00 0.000000000000000000e+00 0.000000000000000000e+00 7.315500000000000000e+04 0.000000000000000000e+00
3.172918411434079644e+02 0.000000000000000000e+00 0.000000000000000000e+00 0.000000000000000000e+00 0.000000000000000000e+00 7.329200000000000000e+04 0.000000000000000000e+00
2.040773665380999155e+05 0.000000000000000000e+00 0.000000000000000000e+00 1.000000000000000000e+00 0.000000000000000000e+00 7.356700000000000000e+04 0.000000000000000000e+00
1.382467641822068617e+04 0.000000000000000000e+00 0.000000000000000000e+00 0.000000000000000000e+00 0.000000000000000000e+00 7.370300000000000000e+04 0.000000000000000000e+00
6.360928251979850465e+05 0.000000000000000000e+00 0.000000000000000000e+00 0.000000000000000000e+00 0.000000000000000000e+00 7.370300000000000000e+04 0.000000000000000000e+00
1.384396008115384495e+06 0.000000000000000000e+00 0.000000000000000000e+00 1.000000000000000000e+00 0.000000000000000000e+00 7.397700000000000000e+04 0.000000000000000000e+00
1.156578053787412355e+05 0.000000000000000000e+00 0.000000000000000000e+00 0.000000000000000000e+00 0.000000000000000000e+00 7.411500000000000000e+04 0.000000000000000000e+00
2.041479078537425380e+02 0.000000000000000000e+00 5.000000000000000000e+00 0.000000000000000000e+00 0.000000000000000000e+00 7.411500000000000000e+04 0.000000000000000000e+00
3.948754073882919329e+02 0.000000000000000000e+00 6.000000000000000000e+00 0.000000000000000000e+00 0.000000000000000000e+00 7.425100000000000000e+04 0.000000000000000000e+00
2.390003096811643445e+03 0.000000000000000000e+00 0.000000000000000000e+00 0.000000000000000000e+00 0.000000000000000000e+00 7.438800000000000000e+04 0.000000000000000000e+00
4.193661278385266087e+03 0.000000000000000000e+00 0.000000000000000000e+00 0.000000000000000000e+00 0.000000000000000000e+00 7.452500000000000000e+04 0.000000000000000000e+00
1.655529653372869070e+05 0.000000000000000000e+00 0.000000000000000000e+00 0.000000000000000000e+00 0.000000000000000000e+00 7.466200000000000000e+04 0.000000000000000000e+00
1.011854451633387839e+03 0.000000000000000000e+00 0.000000000000000000e+00 0.000000000000000000e+00 0.000000000000000000e+00 7.479900000000000000e+04 0.000000000000000000e+00
2.637381698247655760e+06 0.000000000000000000e+00 0.000000000000000000e+00 0.000000000000000000e+00 0.000000000000000000e+00 7.493600000000000000e+04 0.000000000000000000e+00
1.736090880228647620e+03 0.000000000000000000e+00 4.000000000000000000e+00 0.000000000000000000e+00 0.000000000000000000e+00 7.520800000000000000e+04 0.000000000000000000e+00
6.095897692620645785e+02 0.000000000000000000e+00 1.000000000000000000e+00 0.000000000000000000e+00 0.000000000000000000e+00 7.534500000000000000e+04 0.000000000000000000e+00
6.129428880599921831e+04 0.000000000000000000e+00 4.000000000000000000e+00 0.000000000000000000e+00 0.000000000000000000e+00 7.534500000000000000e+04 0.000000000000000000e+00
8.649196888888889225e+04 0.000000000000000000e+00 0.000000000000000000e+00 0.000000000000000000e+00 0.000000000000000000e+00 7.561900000000000000e+04 0.000000000000000000e+00
1.065233671179365160e+01 0.000000000000000000e+00 3.000000000000000000e+00 0.000000000000000000e+00 0.000000000000000000e+00 7.575400000000000000e+04 0.000000000000000000e+00
2.775318718265731604e+03 0.000000000000000000e+00 0.000000000000000000e+00 0.000000000000000000e+00 0.000000000000000000e+00 7.602700000000000000e+04 0.000000000000000000e+00
5.060503764437350583e+03 0.000000000000000000e+00 4.000000000000000000e+00 0.000000000000000000e+00 0.000000000000000000e+00 7.616400000000000000e+04 0.000000000000000000e+00
2.300361838601548072e+02 0.000000000000000000e+00 0.000000000000000000e+00 0.000000000000000000e+00 0.000000000000000000e+00 7.643700000000000000e+04 0.000000000000000000e+00
3.975309782268663184e+03 0.000000000000000000e+00 1.650000000000000000e+02 0.000000000000000000e+00 0.000000000000000000e+00 7.657400000000000000e+04 0.000000000000000000e+00
8.681517865429091216e+02 0.000000000000000000e+00 0.000000000000000000e+00 0.000000000000000000e+00 0.000000000000000000e+00 7.684700000000000000e+04 0.000000000000000000e+00
2.052174415668616092e+01 0.000000000000000000e+00 0.000000000000000000e+00 0.000000000000000000e+00 0.000000000000000000e+00 7.725700000000000000e+04 0.000000000000000000e+00
2.953277411912846517e+01 0.000000000000000000e+00 0.000000000000000000e+00 0.000000000000000000e+00 0.000000000000000000e+00 7.739400000000000000e+04 0.000000000000000000e+00
1.469979585560836881e+02 0.000000000000000000e+00 0.000000000000000000e+00 0.000000000000000000e+00 0.000000000000000000e+00 7.766700000000000000e+04 0.000000000000000000e+00
3.960302181153624133e+03 0.000000000000000000e+00 0.000000000000000000e+00 0.000000000000000000e+00 0.000000000000000000e+00 7.780400000000000000e+04 0.000000000000000000e+00
2.622044301282684955e+03 0.000000000000000000e+00 0.000000000000000000e+00 0.000000000000000000e+00 0.000000000000000000e+00 7.807900000000000000e+04 0.000000000000000000e+00
2.472465235384599509e+03 0.000000000000000000e+00 4.000000000000000000e+00 0.000000000000000000e+00 0.000000000000000000e+00 7.821500000000000000e+04 0.000000000000000000e+00
7.282667487644271750e+04 0.000000000000000000e+00 0.000000000000000000e+00 0.000000000000000000e+00 0.000000000000000000e+00 7.848800000000000000e+04 0.000000000000000000e+00
8.143371238091775695e+02 0.000000000000000000e+00 4.000000000000000000e+00 0.000000000000000000e+00 0.000000000000000000e+00 7.876200000000000000e+04 0.000000000000000000e+00
2.847922467456234017e+02 0.000000000000000000e+00 3.000000000000000000e+00 0.000000000000000000e+00 0.000000000000000000e+00 7.889900000000000000e+04 0.000000000000000000e+00
2.274560210785191217e+00 0.000000000000000000e+00 0.000000000000000000e+00 0.000000000000000000e+00 0.000000000000000000e+00 7.917100000000000000e+04 0.000000000000000000e+00
8.941045216671491858e+01 0.000000000000000000e+00 0.000000000000000000e+00 0.000000000000000000e+00 0.000000000000000000e+00 7.930800000000000000e+04 0.000000000000000000e+00
2.611804460000000254e+05 0.000000000000000000e+00 0.000000000000000000e+00 0.000000000000000000e+00 0.000000000000000000e+00 7.958100000000000000e+04 0.000000000000000000e+00
9.606127293483636095e+03 0.000000000000000000e+00 0.000000000000000000e+00 0.000000000000000000e+00 0.000000000000000000e+00 7.971700000000000000e+04 0.000000000000000000e+00
1.717179813419915888e+02 0.000000000000000000e+00 0.000000000000000000e+00 0.000000000000000000e+00 0.000000000000000000e+00 7.985300000000000000e+04 0.000000000000000000e+00
7.974868213267642147e+01 0.000000000000000000e+00 0.000000000000000000e+00 0.000000000000000000e+00 0.000000000000000000e+00 8.012600000000000000e+04 0.000000000000000000e+00
1.306615259130905571e+01 0.000000000000000000e+00 5.000000000000000000e+00 0.000000000000000000e+00 0.000000000000000000e+00 8.026300000000000000e+04 0.000000000000000000e+00
1.198906098059197589e+01 0.000000000000000000e+00 2.000000000000000000e+00 0.000000000000000000e+00 0.000000000000000000e+00 8.053600000000000000e+04 0.000000000000000000e+00
3.403799136619718411e+02 0.000000000000000000e+00 0.000000000000000000e+00 0.000000000000000000e+00 0.000000000000000000e+00 8.053600000000000000e+04 0.000000000000000000e+00
3.450061627030372335e+01 0.000000000000000000e+00 0.000000000000000000e+00 0.000000000000000000e+00 0.000000000000000000e+00 8.080900000000000000e+04 0.000000000000000000e+00
4.290470070424053119e+03 0.000000000000000000e+00 0.000000000000000000e+00 0.000000000000000000e+00 0.000000000000000000e+00 8.094500000000000000e+04 0.000000000000000000e+00
3.463496867830262715e+01 0.000000000000000000e+00 4.000000000000000000e+00 0.000000000000000000e+00 0.000000000000000000e+00 8.108100000000000000e+04 0.000000000000000000e+00
1.617789695121951227e+05 0.000000000000000000e+00 0.000000000000000000e+00 0.000000000000000000e+00 0.000000000000000000e+00 8.121700000000000000e+04 0.000000000000000000e+00
4.915352514717421400e+03 0.000000000000000000e+00 0.000000000000000000e+00 0.000000000000000000e+00 0.000000000000000000e+00 8.148900000000000000e+04 0.000000000000000000e+00
4.012345070400601981e+04 0.000000000000000000e+00 0.000000000000000000e+00 0.000000000000000000e+00 0.000000000000000000e+00 8.162500000000000000e+04 0.000000000000000000e+00
8.423585619170398786e+02 0.000000000000000000e+00 5.000000000000000000e+00 0.000000000000000000e+00 0.000000000000000000e+00 8.176200000000000000e+04 0.000000000000000000e+00
4.851423829300074999e+02 0.000000000000000000e+00 0.000000000000000000e+00 0.000000000000000000e+00 0.000000000000000000e+00 8.189800000000000000e+04 0.000000000000000000e+00
1.138054501546663744e+01 0.000000000000000000e+00 0.000000000000000000e+00 0.000000000000000000e+00 0.000000000000000000e+00 8.203600000000000000e+04 0.000000000000000000e+00
4.383536887266720296e+05 0.000000000000000000e+00 0.000000000000000000e+00 0.000000000000000000e+00 0.000000000000000000e+00 8.217300000000000000e+04 0.000000000000000000e+00
7.529837687570499156e+02 0.000000000000000000e+00 1.000000000000000000e+00 0.000000000000000000e+00 0.000000000000000000e+00 8.217300000000000000e+04 0.000000000000000000e+00
6.082537658992678626e+05 0.000000000000000000e+00 0.000000000000000000e+00 0.000000000000000000e+00 0.000000000000000000e+00 8.230900000000000000e+04 0.000000000000000000e+00
1.305563287806113294e+03 0.000000000000000000e+00 0.000000000000000000e+00 0.000000000000000000e+00 0.000000000000000000e+00 8.244600000000000000e+04 0.000000000000000000e+00
5.890301328632566538e+02 0.000000000000000000e+00 1.000000000000000000e+00 0.000000000000000000e+00 0.000000000000000000e+00 8.258300000000000000e+04 0.000000000000000000e+00
9.850667026359587908e+00 0.000000000000000000e+00 0.000000000000000000e+00 0.000000000000000000e+00 0.000000000000000000e+00 8.272000000000000000e+04 0.000000000000000000e+00
8.972463848197145462e+08 0.000000000000000000e+00 1.000000000000000000e+00 0.000000000000000000e+00 0.000000000000000000e+00 8.272000000000000000e+04 0.000000000000000000e+00
6.637488778391962405e+05 0.000000000000000000e+00 0.000000000000000000e+00 0.000000000000000000e+00 0.000000000000000000e+00 8.299400000000000000e+04 0.000000000000000000e+00
2.807274414406184633e+02 0.000000000000000000e+00 0.000000000000000000e+00 0.000000000000000000e+00 0.000000000000000000e+00 8.299400000000000000e+04 0.000000000000000000e+00
1.037850286931818700e+05 0.000000000000000000e+00 0.000000000000000000e+00 0.000000000000000000e+00 0.000000000000000000e+00 8.313100000000000000e+04 0.000000000000000000e+00
7.551710526591106998e+01 0.000000000000000000e+00 0.000000000000000000e+00 0.000000000000000000e+00 0.000000000000000000e+00 8.326800000000000000e+04 0.000000000000000000e+00
1.122208249203078594e+04 0.000000000000000000e+00 0.000000000000000000e+00 0.000000000000000000e+00 0.000000000000000000e+00 8.340500000000000000e+04 0.000000000000000000e+00
1.089736031273232074e+06 1.272300000000000000e+04 2.000000000000000000e+00 0.000000000000000000e+00 0.000000000000000000e+00 8.367800000000000000e+04 0.000000000000000000e+00
1.439849959349593519e+03 0.000000000000000000e+00 0.000000000000000000e+00 0.000000000000000000e+00 0.000000000000000000e+00 8.381400000000000000e+04 0.000000000000000000e+00
2.041646323794114437e+01 0.000000000000000000e+00 0.000000000000000000e+00 0.000000000000000000e+00 0.000000000000000000e+00 8.381400000000000000e+04 0.000000000000000000e+00
1.163366680220859308e+02 0.000000000000000000e+00 0.000000000000000000e+00 0.000000000000000000e+00 0.000000000000000000e+00 8.395100000000000000e+04 0.000000000000000000e+00
8.076252400315096020e+04 0.000000000000000000e+00 0.000000000000000000e+00 0.000000000000000000e+00 0.000000000000000000e+00 8.408800000000000000e+04 0.000000000000000000e+00
7.507685750793649349e+05 0.000000000000000000e+00 3.000000000000000000e+00 0.000000000000000000e+00 0.000000000000000000e+00 8.422400000000000000e+04 0.000000000000000000e+00
9.646392957771471629e+03 0.000000000000000000e+00 4.400000000000000000e+01 0.000000000000000000e+00 0.000000000000000000e+00 8.422400000000000000e+04 0.000000000000000000e+00
9.278844267149219149e+01 0.000000000000000000e+00 0.000000000000000000e+00 0.000000000000000000e+00 0.000000000000000000e+00 8.436000000000000000e+04 0.000000000000000000e+00
2.718723533587721613e+04 0.000000000000000000e+00 7.000000000000000000e+00 0.000000000000000000e+00 0.000000000000000000e+00 8.463200000000000000e+04 0.000000000000000000e+00
7.561849242743700743e+05 0.000000000000000000e+00 0.000000000000000000e+00 0.000000000000000000e+00 0.000000000000000000e+00 8.476800000000000000e+04 0.000000000000000000e+00
1.451059299777964995e+01 0.000000000000000000e+00 4.000000000000000000e+00 0.000000000000000000e+00 0.000000000000000000e+00 8.490400000000000000e+04 0.000000000000000000e+00
1.957628524886912942e+02 0.000000000000000000e+00 5.000000000000000000e+00 0.000000000000000000e+00 0.000000000000000000e+00 8.490400000000000000e+04 0.000000000000000000e+00
2.500875742340745637e+05 6.385000000000000000e+03 0.000000000000000000e+00 0.000000000000000000e+00 0.000000000000000000e+00 8.517600000000000000e+04 0.000000000000000000e+00
4.298490001610008767e+04 0.000000000000000000e+00 5.000000000000000000e+00 0.000000000000000000e+00 0.000000000000000000e+00 8.531200000000000000e+04 0.000000000000000000e+00
1.874268536706933519e+05 0.000000000000000000e+00 0.000000000000000000e+00 0.000000000000000000e+00 0.000000000000000000e+00 8.544800000000000000e+04 0.000000000000000000e+00
1.702910298750000307e+06 0.000000000000000000e+00 0.000000000000000000e+00 0.000000000000000000e+00 0.000000000000000000e+00 8.558500000000000000e+04 0.000000000000000000e+00
1.229858935815876815e+06 0.000000000000000000e+00 0.000000000000000000e+00 0.000000000000000000e+00 0.000000000000000000e+00 8.572100000000000000e+04 0.000000000000000000e+00
7.317267113365846872e+08 0.000000000000000000e+00 0.000000000000000000e+00 0.000000000000000000e+00 0.000000000000000000e+00 8.585700000000000000e+04 0.000000000000000000e+00
1.312888153246962020e+02 7.322000000000000000e+03 0.000000000000000000e+00 0.000000000000000000e+00 0.000000000000000000e+00 8.613100000000000000e+04 0.000000000000000000e+00
7.537592597386253601e+02 0.000000000000000000e+00 2.000000000000000000e+00 0.000000000000000000e+00 0.000000000000000000e+00 8.613100000000000000e+04 0.000000000000000000e+00
2.637381698247655760e+06 0.000000000000000000e+00 0.000000000000000000e+00 0.000000000000000000e+00 0.000000000000000000e+00 8.626700000000000000e+04 0.000000000000000000e+00
4.637535176135759798e+02 0.000000000000000000e+00 4.000000000000000000e+00 0.000000000000000000e+00 0.000000000000000000e+00 8.640500000000000000e+04 0.000000000000000000e+00
4.325601275238094851e+06 0.000000000000000000e+00 0.000000000000000000e+00 0.000000000000000000e+00 0.000000000000000000e+00 8.667900000000000000e+04 0.000000000000000000e+00
1.436720982745960669e+02 0.000000000000000000e+00 0.000000000000000000e+00 0.000000000000000000e+00 0.000000000000000000e+00 8.667900000000000000e+04 0.000000000000000000e+00
1.745449665705432665e+02 0.000000000000000000e+00 0.000000000000000000e+00 0.000000000000000000e+00 0.000000000000000000e+00 8.681600000000000000e+04 0.000000000000000000e+00
1.201481327748503190e+03 0.000000000000000000e+00 4.000000000000000000e+00 0.000000000000000000e+00 0.000000000000000000e+00 8.695300000000000000e+04 0.000000000000000000e+00
5.518386691473212835e+01 0.000000000000000000e+00 0.000000000000000000e+00 0.000000000000000000e+00 0.000000000000000000e+00 8.709100000000000000e+04 0.000000000000000000e+00
2.110391692649234301e+02 0.000000000000000000e+00 0.000000000000000000e+00 0.000000000000000000e+00 0.000000000000000000e+00 8.722800000000000000e+04 0.000000000000000000e+00
1.782650767035325856e+01 0.000000000000000000e+00 0.000000000000000000e+00 0.000000000000000000e+00 0.000000000000000000e+00 8.736400000000000000e+04 0.000000000000000000e+00
1.743141903885013164e+02 0.000000000000000000e+00 0.000000000000000000e+00 0.000000000000000000e+00 0.000000000000000000e+00 8.750000000000000000e+04 0.000000000000000000e+00
1.423057137931034777e+04 0.000000000000000000e+00 0.000000000000000000e+00 0.000000000000000000e+00 0.000000000000000000e+00 8.763700000000000000e+04 0.000000000000000000e+00
3.777155952643891942e+04 0.000000000000000000e+00 0.000000000000000000e+00 0.000000000000000000e+00 0.000000000000000000e+00 8.777400000000000000e+04 0.000000000000000000e+00
7.438117789655174129e+05 0.000000000000000000e+00 0.000000000000000000e+00 0.000000000000000000e+00 0.000000000000000000e+00 8.791100000000000000e+04 0.000000000000000000e+00
4.151895001197598134e+01 6.070000000000000000e+02 4.000000000000000000e+00 0.000000000000000000e+00 0.000000000000000000e+00 8.804800000000000000e+04 0.000000000000000000e+00
2.043759563316449430e+02 0.000000000000000000e+00 0.000000000000000000e+00 0.000000000000000000e+00 0.000000000000000000e+00 8.818400000000000000e+04 0.000000000000000000e+00
1.312956956232760604e+02 0.000000000000000000e+00 0.000000000000000000e+00 0.000000000000000000e+00 0.000000000000000000e+00 8.818400000000000000e+04 0.000000000000000000e+00
6.425364407922356413e+00 0.000000000000000000e+00 0.000000000000000000e+00 0.000000000000000000e+00 0.000000000000000000e+00 8.832000000000000000e+04 0.000000000000000000e+00
9.434024590318020273e+03 0.000000000000000000e+00 0.000000000000000000e+00 0.000000000000000000e+00 0.000000000000000000e+00 8.845700000000000000e+04 0.000000000000000000e+00
